roc_auc: 0.9555301563895783
accuracy: 0.8889238095238096
precision: 0.8829610831542976
recall: 0.8671996148045346
f1: 0.8750093772438405
log_loss: 0.2673566088532228
